2.113098876956410077e+00
1.875522680624773120e+00
1.712744026981094070e+00
1.577344576588565417e+00
1.484020091380997108e+00
1.376654083665614703e+00
1.292605640669787892e+00
1.204802854896625197e+00
1.123540027842471201e+00
1.034804869118486126e+00
9.724968167999613611e-01
9.025184679169926394e-01
8.410521147630939387e-01
7.470247655925914554e-01
6.856662471253239799e-01
6.238052350684929470e-01
5.637859239955139712e-01
5.203659677891463442e-01
4.771778045417949810e-01
4.551733295040332195e-01
4.173328874190498361e-01
3.913109276550535975e-01
3.684095491871539618e-01
3.515901786985039523e-01
3.263998134790288552e-01
3.161668283730241780e-01
2.871836847547541982e-01
2.701135076832374415e-01
2.571605859849193654e-01
2.448657441635442855e-01
2.321436141369761508e-01
2.187602148028464921e-01
2.071763982627351508e-01
1.914786835253536601e-01
1.934029407802438927e-01
1.755387878225115883e-01
1.728580179195589317e-01
1.641204562045811277e-01
1.571043318690675539e-01
1.540430019846465715e-01
1.481632417263829271e-01
1.364650550041461574e-01
1.338051084708882232e-01
1.297152515997467004e-01
1.176567398273585530e-01
1.148221258814874635e-01
1.143238706304112728e-01
1.062290827203382221e-01
1.027266335715468493e-01
1.027414710111938662e-01
9.757149490131597491e-02
9.396959603503431124e-02
9.105262208879968955e-02
8.873810895993243519e-02
9.266542370941353857e-02
8.390750576842555264e-02
8.227821655463030126e-02
8.400323013535104799e-02
7.411154378093670614e-02
8.245065305295051772e-02
7.430581695098414929e-02
6.946434630129605381e-02
7.680384660739464353e-02
6.967981523802870003e-02
6.433964723396580487e-02
6.732239805469324156e-02
6.320479127067558933e-02
6.455737222643964657e-02
6.185258625810180488e-02
5.932370753539476654e-02
5.781959973948776199e-02
6.177277839298979389e-02
5.351044656818824963e-02
5.807628090957692168e-02
5.334827636656441080e-02
5.378305102255107051e-02
5.245828226517248311e-02
5.135621201331390384e-02
4.979472775755411362e-02
4.903552402011887579e-02
4.929416860437484810e-02
5.039879281061491328e-02
4.507966861803064385e-02
4.794290877346781693e-02
4.808100612390317496e-02
4.465339276704089616e-02
4.927938866157150627e-02
4.625489973574848507e-02
4.575647214877224395e-02
4.188591958560737571e-02
4.515031001712621617e-02
4.123861668234469341e-02
4.159218076593879793e-02
4.244607146603189551e-02
4.052875338784630438e-02
4.063016935961524106e-02
4.178464061017735792e-02
3.855503267883381158e-02
3.774471493849326093e-02
4.138211511093972672e-02
4.228514370795129207e-02
3.834444100714160669e-02
3.577483093119736973e-02
3.814786477297908013e-02
3.680518786821630056e-02
3.776118232722205925e-02
3.838896957580896496e-02
3.433435045305504446e-02
3.464173623569236776e-02
3.622150168890778815e-02
3.505077417224167907e-02
3.507281200391954012e-02
3.358656332216654328e-02
3.389544448541636362e-02
3.482358481353569485e-02
3.406702718015533482e-02
3.367978419238575744e-02
3.119223658493991413e-02
3.110529616399453426e-02
3.334700214639792215e-02
2.723593037870071162e-02
2.718483841130819520e-02
3.143824925097347261e-02
2.827396040606092176e-02
2.889958096789038006e-02
3.085556598606405479e-02
2.972797431799329912e-02
2.603970084436181207e-02
2.637410423840327173e-02
2.825869971087335494e-02
2.850598857328077995e-02
2.762444646861226052e-02
2.646314646605156182e-02
3.054817314152411326e-02
2.598405688125108096e-02
2.706069574324005897e-02
2.620220376570536053e-02
2.673501719674811761e-02
2.636047001587235247e-02
2.473437035773052087e-02
2.579475946721306728e-02
2.489249891481047292e-02
2.941342439267687764e-02
2.597690441605004022e-02
2.411139061610582598e-02
2.580903765458023372e-02
2.573929351684962202e-02
2.456682367649275570e-02
2.581256410774031632e-02
2.358770178903024997e-02
2.256594607479553080e-02
2.628797306281926635e-02
2.427031354836326621e-02
2.488219879089334508e-02
2.447107401472383911e-02
2.213186826750247749e-02
2.630902327895481146e-02
2.523011815883522552e-02
2.324099187326088972e-02
2.295836985368618702e-02
2.220744729751741517e-02
2.335194785202649587e-02
2.292505130371114141e-02
2.470813078129530799e-02
1.945548031482403906e-02
2.509100205966874678e-02
2.418452677807979637e-02
2.166692829604129067e-02
2.179791316702369905e-02
2.384450095115378879e-02
2.298292356597463407e-02
2.185270531415874420e-02
2.033253866782386288e-02
2.356048947173840918e-02
2.167246411227065003e-02
2.008865630234515226e-02
2.121037930673160682e-02
2.221143977411812673e-02
2.192925986752046127e-02
2.228767847286503359e-02
1.991212970775563598e-02
2.051058842246074321e-02
2.131591490108270329e-02
2.237225089843447243e-02
1.940889757468648377e-02
2.210400460452765711e-02
2.429987832392276406e-02
2.112753349656813079e-02
2.114415132287322460e-02
1.910472843826760067e-02
2.278987863992456078e-02
2.152091889648353670e-02
1.968978918675010417e-02
2.172600684973309548e-02
1.948902038361046557e-02
2.612408182134868390e-02
1.912297538140531744e-02
1.704675504775448810e-02
2.237106568275987889e-02
1.995945460444941560e-02
2.123301433897610557e-02
1.969059250992254845e-02
1.930223965080734433e-02
2.013394936064255222e-02
1.993299629551947491e-02
2.157875246430658589e-02
1.904435181621288303e-02
1.878537615152508014e-02
1.966705258607331919e-02
2.332986992701036044e-02
1.709601923555986031e-02
1.716219406219617744e-02
2.293153814152774223e-02
2.045196763477261440e-02
1.850857605679949794e-02
1.852035705488118064e-02
1.799027396833544762e-02
1.890862425856292342e-02
2.581127052710517969e-02
1.561846902700919464e-02
1.681747252658952890e-02
1.800741701431080380e-02
2.009158454498591317e-02
1.825757639292876350e-02
1.801877019428420670e-02
1.812789130770121188e-02
2.109748166953199361e-02
1.478857310958217597e-02
1.848954641787556655e-02
1.739198913349510739e-02
1.981162677755067547e-02
1.622606864222370451e-02
1.785740227054196175e-02
1.573388912774276518e-02
1.832841706498187020e-02
2.081954795314443912e-02
1.804600949263743953e-02
1.748503024251341076e-02
1.681341365016630549e-02
1.630228442537897185e-02
1.784603310194146988e-02
2.012094534479217517e-02
1.582403735483945209e-02
1.488221526214136489e-02
1.812304681648801291e-02
1.823235514960671114e-02
1.870445008999248662e-02
1.671282499047525502e-02
1.599763164221874520e-02
1.579504803694336060e-02
1.831162561900927938e-02
1.905331638062679120e-02
2.078664771541151660e-02
1.277884890073004501e-02
1.527903327426075909e-02
1.799685241303536007e-02
1.688477765455903556e-02
1.652409583939852197e-02
1.538201649454625994e-02
1.701800118588008004e-02
1.727419249274127558e-02
1.522294623515036208e-02
1.842972693422346986e-02
1.495920712698527166e-02
1.937248597433488539e-02
1.583110223799929703e-02
1.563097005902681913e-02
1.727402671973209125e-02
1.625930877232017666e-02
1.647143163663761928e-02
1.677112679949314261e-02
1.473715248782728020e-02
1.631309134492885810e-02
1.680624917571322749e-02
1.543419043354212275e-02
1.626367865392040063e-02
1.574523800129376191e-02
1.653936467250330736e-02
1.532020295737307296e-02
1.859177173933231758e-02
1.236991563612948285e-02
1.721986054071806757e-02
1.670994090855579609e-02
1.610795801921741793e-02
1.379977909737032868e-02
1.694728894593934207e-02
1.618106590049411125e-02
1.482786433417430418e-02
1.545934614597901935e-02
1.645375762830772817e-02
1.404661135588341700e-02
1.830638427980312011e-02
1.603145323859992907e-02
1.564336598721550314e-02
1.597781023132808717e-02
1.538404775638959818e-02
1.591777345932112939e-02
1.705367571230051449e-02
1.342699971014440358e-02
1.463826353810905243e-02
1.644358085534090158e-02
