4.810664120830145052e+00
3.228052702790952022e+00
2.739896520343218178e+00
2.554879081352976478e+00
2.225034633788201432e+00
2.088698530181856139e+00
1.925055220495144770e+00
1.735021594702299330e+00
1.655614499907009485e+00
1.607229271424360562e+00
1.526725152312897960e+00
1.397130807499298522e+00
1.191825672552224269e+00
1.069668904990681346e+00
9.988434597425399630e-01
9.251991917846781321e-01
8.427509631305435400e-01
7.611098972810816932e-01
7.259069381180031089e-01
6.298074384879752685e-01
5.949744779183731014e-01
5.009817010013405403e-01
4.771231058112778145e-01
4.521197815989502211e-01
4.800955565188978480e-01
4.039355075759107905e-01
3.803511896359878519e-01
3.670969981066461441e-01
3.689239041762785165e-01
3.560411634263028757e-01
3.165280736954103613e-01
3.342832482442638087e-01
2.950887403582337365e-01
2.761385485043936217e-01
3.028720602875150103e-01
2.703883774326384937e-01
2.370731891069794151e-01
2.284240689679520042e-01
2.294200416878775795e-01
2.322881240822803894e-01
2.179747451405609493e-01
2.193724801367249178e-01
1.952969656995969527e-01
1.827632940280531915e-01
1.888267814055629712e-01
1.812254999959320156e-01
1.590953160662529897e-01
1.565266657439699782e-01
1.543389472155966002e-01
1.748960578314953107e-01
1.695517742122204796e-01
1.450105878139223980e-01
1.381430240708562962e-01
1.187857004923521947e-01
1.377631139851065167e-01
1.143057482333385833e-01
1.202288889484717238e-01
9.175349558799819616e-02
1.079742698947863261e-01
9.825098269887817815e-02
1.095871071705990796e-01
1.400451173176278097e-01
9.605963434983962046e-02
8.134477460662209447e-02
7.672968735427156128e-02
1.050889296178498522e-01
9.879762236411730736e-02
9.780113578231384996e-02
8.101220461135100193e-02
7.635879133053684320e-02
7.388296027177464198e-02
7.197659161263897376e-02
6.177506680639473918e-02
7.021149312366689599e-02
9.332248620288181862e-02
7.406169952098727582e-02
6.116918276853895720e-02
5.783590857762315601e-02
4.844960989698153531e-02
5.293630349878136743e-02
6.230717336354058000e-02
6.907384314807303582e-02
6.620481974342413978e-02
5.039896429234239777e-02
5.185091858462989589e-02
4.432294763886750200e-02
6.968690954539144555e-02
6.207095685722475997e-02
4.730691938833422872e-02
4.101735572087476800e-02
3.712807004434619251e-02
5.683657882718717858e-02
6.390935186812335411e-02
5.880473732544718585e-02
3.307642534246914290e-02
4.329123235479027249e-02
4.728106208933158250e-02
5.069162176346156401e-02
5.742048963327545108e-02
4.839579477783075706e-02
3.226525487866748615e-02
