4.810664120830145052e+00
3.228052702790952022e+00
2.739896520343218178e+00
2.554879081352976478e+00
2.225034633788201432e+00
2.088698530181856139e+00
1.925055220495144770e+00
1.735021594702299330e+00
1.655614499907009485e+00
1.607229271424360562e+00
1.526725152312897960e+00
1.397130807499298522e+00
1.191825672552224269e+00
1.069668904990681346e+00
9.988434597425399630e-01
9.251991917846781321e-01
8.427509631305435400e-01
7.611098972810816932e-01
7.259069381180031089e-01
6.298074384879752685e-01
5.949744779183731014e-01
5.009817010013405403e-01
4.771231058112778145e-01
4.521197815989502211e-01
4.800955565188978480e-01
4.039355075759107905e-01
3.803511896359878519e-01
3.670969981066461441e-01
3.689239041762785165e-01
3.560411634263028757e-01
3.165280736954103613e-01
3.342832482442638087e-01
2.950887403582337365e-01
2.761385485043936217e-01
3.028720602875150103e-01
2.703883774326384937e-01
2.370731891069794151e-01
2.284240689679520042e-01
2.294200416878775795e-01
2.322881240822803894e-01
2.179747451405609493e-01
2.193724801367249178e-01
1.952969656995969527e-01
1.827632940280531915e-01
1.888267814055629712e-01
1.812254999959320156e-01
1.590953160662529897e-01
1.565266657439699782e-01
1.543389472155966002e-01
1.748960578314953107e-01
1.695517742122204796e-01
1.450105878139223980e-01
1.381430240708562962e-01
1.187857004923521947e-01
1.377631139851065167e-01
1.143057482333385833e-01
1.202288889484717238e-01
9.175349558799819616e-02
1.079742698947863261e-01
9.825098269887817815e-02
1.095871071705990796e-01
1.400451173176278097e-01
9.605963434983962046e-02
8.134477460662209447e-02
7.672968735427156128e-02
1.050889296178498522e-01
9.879762236411730736e-02
9.780113578231384996e-02
8.101220461135100193e-02
7.635879133053684320e-02
7.388296027177464198e-02
7.197659161263897376e-02
6.177506680639473918e-02
7.021149312366689599e-02
9.332248620288181862e-02
7.406169952098727582e-02
6.116918276853895720e-02
5.783590857762315601e-02
4.844960989698153531e-02
5.293630349878136743e-02
6.230717336354058000e-02
6.907384314807303582e-02
6.620481974342413978e-02
5.039896429234239777e-02
5.185091858462989589e-02
4.432294763886750200e-02
6.968690954539144555e-02
6.207095685722475997e-02
4.730691938833422872e-02
4.101735572087476800e-02
3.712807004434619251e-02
5.683657882718717858e-02
6.390935186812335411e-02
5.880473732544718585e-02
3.307642534246914290e-02
4.329123235479027249e-02
4.728106208933158250e-02
5.069162176346156401e-02
5.742048963327545108e-02
4.839579477783075706e-02
3.226525487866748615e-02
6.685034106392669095e-02
3.548920718335644292e-02
3.840429000886476374e-02
5.017816901483793113e-02
4.229426186605792642e-02
4.580847073003223996e-02
3.927147274652187381e-02
3.807287866372407320e-02
3.311011898221862676e-02
3.797697704123581541e-02
4.688193552053943058e-02
3.786526591878256603e-02
3.639857013213422532e-02
4.688488983137307359e-02
4.646459609885027209e-02
4.212996606002008398e-02
3.380129890719579810e-02
5.034025220401872752e-02
4.303931067166753138e-02
3.045691375655170188e-02
2.162287589438278285e-02
2.521256722495123642e-02
3.349589631633093090e-02
5.355112893100981430e-02
4.990884110516667638e-02
2.311314012010396921e-02
2.263076526994327667e-02
2.897507128866920814e-02
4.451350120750321993e-02
3.024614132603532790e-02
2.810939701451467890e-02
4.876981676661779758e-02
3.236226622446527340e-02
2.222577863091254949e-02
2.635883690730256648e-02
2.633539430502156858e-02
2.284053128155281304e-02
4.453420715118510537e-02
4.188388231367377174e-02
3.070875431906578204e-02
3.526723337204967085e-02
2.107859568355336874e-02
1.995540965556655277e-02
2.655914589917995200e-02
2.783824471346835541e-02
4.758606569952871651e-02
2.294733783214996520e-02
3.270266955385020546e-02
4.350573834355510316e-02
3.274502600871501828e-02
1.666729559203757038e-02
2.331331150660785959e-02
2.674961551696846199e-02
3.456355276756100520e-02
2.648227630046916248e-02
2.236671338892484012e-02
1.954570272405479689e-02
1.830422414512657137e-02
2.240546333006603399e-02
3.472812408214299984e-02
3.764955587233925760e-02
2.416003176353906379e-02
1.834152677301941273e-02
2.039095163238147448e-02
1.979323132717204781e-02
1.927286042648286568e-02
2.246248814538018973e-02
2.665074594556020651e-02
3.489684333464571075e-02
3.540661450088446877e-02
2.000592758186955922e-02
4.905510455498347105e-02
2.364819365290515493e-02
2.561801817664759520e-02
1.434966652996595878e-02
1.809340215421281414e-02
1.804087111769787227e-02
2.032844093669554028e-02
2.201765981901606870e-02
2.078800892729605609e-02
3.662031578535011184e-02
2.543848475870279582e-02
2.038041306519550525e-02
1.735219491484226231e-02
2.308568504605262167e-02
3.401997422028717188e-02
2.710840320154118271e-02
1.778861195858215394e-02
1.336160146832271987e-02
1.533691652103255469e-02
2.022467570078301941e-02
2.899818892080836472e-02
2.011192538565313020e-02
3.228977804739589785e-02
2.141958468774821794e-02
1.851744218245522655e-02
2.200141276036440829e-02
1.612611425347314914e-02
1.801695914812152105e-02
1.933455221692896922e-02
2.604614769160576437e-02
2.412248382928362800e-02
1.599609351628746012e-02
1.765457191974762266e-02
1.358941967974696546e-02
1.650880558141767929e-02
2.200624319784544661e-02
2.442142677614994595e-02
4.296197704480623353e-02
1.941570853357840049e-02
1.271991893962860602e-02
1.138005127201928077e-02
1.280584986097908773e-02
1.672897124702535376e-02
1.962283029284908262e-02
1.881288779741740677e-02
1.748396155426827636e-02
2.029668694445769389e-02
2.588973064633700791e-02
3.338920113675877821e-02
2.305932334046585999e-02
1.426311952680112995e-02
2.868054378432730381e-02
1.302564042154126869e-02
1.124190326708107528e-02
1.214412428784171494e-02
1.313457817024001224e-02
1.619756808394434006e-02
2.993231475643585299e-02
4.014416277309332259e-02
1.940289761311883923e-02
1.415993313197520115e-02
1.169238462414434222e-02
1.251409616904832107e-02
1.395588432787522176e-02
1.990452194320681267e-02
2.620621885107988699e-02
2.126207936010204511e-02
1.386774449209308459e-02
1.293411022526434057e-02
1.302638596253108752e-02
1.414474068201503586e-02
1.463409181306563056e-02
1.787527766806688151e-02
1.778830378066029519e-02
2.560790797837846078e-02
3.567610587325424631e-02
1.900667559075555624e-02
1.260246083938343364e-02
2.283968428947017598e-02
1.058540226892670279e-02
1.123505018964486395e-02
1.285805739093915344e-02
1.816613782055883156e-02
2.604747278007670669e-02
2.054648998018597517e-02
1.624373357443275115e-02
1.271514264927426328e-02
2.431592682147023718e-02
1.945412658545326787e-02
1.211375326811357095e-02
1.042134243710755859e-02
1.348762959434107560e-02
1.400983080751302262e-02
1.196214750134049452e-02
1.554798005040545356e-02
2.237557900299877098e-02
2.552871762933985045e-02
1.323882819377350181e-02
1.024527354327640916e-02
9.600220031294313949e-03
1.125495185160695771e-02
1.398455440306946469e-02
1.528033129911959137e-02
1.935598114905546369e-02
2.876919271373716211e-02
2.280437581040328787e-02
1.146286726603770907e-02
1.051130409780280314e-02
1.045796652814672163e-02
3.633191863331025617e-02
2.366747558387214193e-02
1.597511099683831745e-02
1.305158035262482183e-02
1.509282411739116918e-02
1.466787370669192514e-02
1.178340559630338194e-02
1.670546222245452780e-02
2.492305023614812751e-02
2.668366483747536960e-02
1.353795277351117592e-02
1.161215519963718426e-02
9.981437754785580513e-03
9.298434624287206518e-03
1.135332862248256830e-02
1.474386606302031250e-02
1.690711897150754678e-02
1.853390954066063551e-02
1.672199630342664431e-02
2.259867529442678713e-02
1.298574266048714218e-02
1.042834155517427877e-02
1.542891619552150609e-02
2.661725568044066847e-02
1.941008485920487844e-02
1.444255977931249539e-02
1.203379791489457562e-02
1.180954318375143294e-02
1.434060436216943318e-02
1.640443935429575922e-02
1.223078312760184430e-02
1.126877940782889179e-02
1.056034076978323161e-02
1.358779591047495211e-02
2.533267083629926059e-02
2.044538586875755543e-02
1.418195383967629786e-02
1.709030441709665643e-02
1.066994641572689521e-02
9.812459438528681188e-03
1.984222030173519655e-02
1.311166296073514037e-02
1.067931595875599472e-02
1.296261075738437511e-02
1.470209536475476989e-02
1.690045950838650612e-02
1.817620861639076407e-02
1.012779295596416725e-02
1.118892048398682955e-02
1.079712660119042100e-02
1.677551786130158581e-02
1.868231770165008215e-02
1.974846767271165940e-02
2.350171160515063598e-02
1.308145692030419568e-02
1.188444856353612460e-02
1.076592863837784117e-02
1.109967170573904205e-02
1.149906412872559944e-02
1.085086725880866736e-02
1.266257672388374812e-02
2.779635177691030384e-02
1.379209767465173000e-02
1.089896840334368677e-02
9.523898396027213886e-03
8.723431166056639166e-03
9.412953720253221593e-03
1.002697452304053376e-02
1.496680335428030723e-02
2.372781866304980378e-02
1.470089312123910169e-02
1.975954828963192439e-02
1.070670290266923647e-02
1.102410786512896673e-02
1.099079548670626495e-02
1.019027254378529826e-02
1.255882485633904623e-02
2.460211325470239296e-02
1.493784539692862533e-02
1.472257615161954095e-02
9.089529236613384106e-03
1.011256942516928180e-02
3.624709204928776296e-02
1.804109434104688922e-02
1.025011423448811583e-02
7.390031399327528540e-03
7.485616787058379032e-03
8.952888374955088671e-03
1.184755412891661495e-02
1.302669461033403864e-02
1.470535840960812517e-02
1.635718057025809663e-02
1.748793180990728530e-02
1.327712197066074906e-02
1.032682745681529415e-02
9.769341288457784531e-03
8.627917462165457518e-03
9.979886915359545418e-03
1.155948302356249804e-02
1.021939308524063769e-02
1.332797563813662052e-02
1.254775018371177137e-02
2.170573078530551106e-02
1.609011619587100150e-02
1.216645710238369558e-02
8.426581457004091516e-03
7.861246890958049210e-03
8.755930444304163215e-03
1.069594950142845925e-02
1.034338997811871594e-02
1.309865693056643139e-02
1.512333903363331962e-02
1.214059071101285248e-02
9.138091875459487118e-03
1.075271099510598065e-02
9.992177062855595385e-03
1.378126287766606034e-02
1.418119263206066814e-02
1.026125244429097055e-02
9.581578574539954124e-03
1.123780419341605281e-02
1.605994603848761443e-02
1.824498400435245124e-02
1.620063108073488412e-02
1.272598880985607861e-02
8.986615698876303931e-03
1.042255928858932916e-02
1.150578393049856395e-02
1.260869787147261487e-02
9.793791166220333980e-03
1.237075446974097125e-02
8.470645621327498737e-03
1.083478950660130002e-02
1.269012383107506574e-02
1.599461946374031510e-02
1.308376874021143638e-02
1.124560104201377878e-02
1.523733341886212081e-02
1.373099317406430327e-02
1.009391779367737642e-02
1.112860405346392280e-02
1.050157316226379110e-02
1.063906416035163144e-02
8.661203146844403955e-03
9.889262681592842288e-03
1.363853589497798606e-02
9.347208512553417323e-03
1.242960637932416686e-02
1.701650492281255381e-02
1.579429423748838698e-02
2.908976636268042343e-02
1.577680651924974128e-02
8.474939317635481195e-03
7.405827980125412498e-03
7.396834480680641692e-03
8.083465416936127731e-03
1.082993131700808222e-02
9.756696032310550534e-03
1.093611728446274543e-02
1.144080899988859923e-02
1.135308003400107429e-02
1.391278323886899725e-02
2.594273330820971377e-02
1.778625600969761453e-02
8.722392548934795875e-03
8.084508358700084191e-03
7.478422868672354729e-03
9.080871292800742761e-03
8.760793644486652640e-03
8.674791116833301119e-03
1.013401876811288738e-02
1.166153172893955731e-02
2.836847038206623609e-02
2.033708443600426921e-02
8.621054440504915053e-03
8.408281120122276797e-03
7.448258699331121793e-03
9.096664311100611383e-03
1.000618416398981782e-02
8.750382748819127490e-03
1.012916187672205891e-02
2.085150572946365896e-02
1.507700880851674773e-02
9.263352140902752010e-03
1.307051953171837859e-02
8.552561130684612628e-03
6.991525018071266875e-03
1.941438169059733071e-02
9.165326878664387458e-03
1.053376518167129135e-02
4.499102075761229891e-02
3.966099111340586764e-02
1.379869242478758487e-02
1.036657107345019535e-02
7.418392255766097752e-03
6.571353381816393870e-03
7.795473939010411774e-03
9.160171885697320979e-03
1.078630775977309532e-02
1.172802170674686062e-02
1.089706441879392806e-02
9.572812903174106672e-03
9.914485455394458913e-03
9.588520010303386298e-03
9.511110124116315886e-03
1.727195974457354857e-02
1.009857380006246724e-02
9.411869583793005048e-03
1.125467945274829379e-02
9.605520268202860298e-03
1.592576107005308841e-02
1.592087611704369118e-02
2.538508447885254662e-02
8.037560342231478416e-03
8.904155867566657806e-03
8.420416270352669083e-03
8.346531269417447468e-03
1.045392832587141441e-02
8.952753040226978792e-03
1.511009922427689403e-02
