5.038568279835571317e+00
3.506309454590913699e+00
2.570780831434881009e+00
1.886709377298416923e+00
1.405435814739760092e+00
1.107656272939965714e+00
9.681147316140300552e-01
8.010614679075388489e-01
6.864407925085872497e-01
6.369595117013693297e-01
5.399288480036533722e-01
4.810170971388630923e-01
4.768795509891264328e-01
4.477124690863419354e-01
3.722216877881045494e-01
3.559347542864346181e-01
3.181115499387565104e-01
3.205014224986729721e-01
3.072558399977985411e-01
2.728156150286661918e-01
2.798345915519869220e-01
2.459504692022950190e-01
2.301309678244245205e-01
2.543754733744517105e-01
1.954204843729256125e-01
1.984938788812240229e-01
1.835006129264291352e-01
1.859551780543920452e-01
1.753963842868614675e-01
1.591518474716742404e-01
1.414406966812441213e-01
1.815823662736276989e-01
2.427160514126782132e-01
1.735015202800287981e-01
1.438807152365170205e-01
1.331956943724014464e-01
1.118402583704704578e-01
1.142057930870988003e-01
1.720363499742972591e-01
1.349832556408711304e-01
1.204374536589529199e-01
1.175623766956655353e-01
1.011554064357125665e-01
1.204272793951826487e-01
1.125741671478987516e-01
1.266618065130852011e-01
1.565627345022479466e-01
1.028665935997732650e-01
8.858049666185473237e-02
1.048849189321198888e-01
9.899380078824036866e-02
8.845456257066393324e-02
9.659944106771818639e-02
9.034192173715392682e-02
1.002193421636492360e-01
8.678416984532391631e-02
8.052285261479938394e-02
9.241616428294099905e-02
1.032171406006590075e-01
8.774799058199665713e-02
9.978892562057389837e-02
9.430802517596574563e-02
8.908557771422216665e-02
7.463188568208668772e-02
7.224664818451065340e-02
7.215383982056933210e-02
6.517664979859233432e-02
7.543160803296794503e-02
1.020838470931292319e-01
1.031584727974760030e-01
5.939702353101110333e-02
7.695572729751706809e-02
8.257683498713767889e-02
5.743502973309278642e-02
5.700221340230127165e-02
6.592325415007865841e-02
7.513336828589238514e-02
7.417025144220414090e-02
7.383086980808704902e-02
6.884800494682906391e-02
4.741726469026440183e-02
4.945279151035499726e-02
4.757082103475367141e-02
5.188985657780723765e-02
4.864898737221376446e-02
6.205378993224304474e-02
8.192409082679794063e-02
7.926962835485919234e-02
5.811254699457116951e-02
4.366236977976422490e-02
3.981578573979557834e-02
4.287454202405516918e-02
4.058921383836059521e-02
8.187256387954411352e-02
6.577571016174238450e-02
8.672059427373293716e-02
4.516637606754626832e-02
3.505483291855808481e-02
3.190809120329708010e-02
3.372787010963793769e-02
4.380497123847929691e-02
6.005319086729207084e-02
5.317988000484944605e-02
4.644298891051017175e-02
4.243238650217183439e-02
4.437708373645449234e-02
3.317747776492149109e-02
7.434303492364940924e-02
3.136659096973318239e-02
6.690898591898315761e-02
3.896492434695981305e-02
5.872020713311389140e-02
6.027979686979820229e-02
3.341254992477209890e-02
3.410596912748810328e-02
3.841672616796418249e-02
3.237749983179389474e-02
6.441273828553947811e-02
3.508889804639901688e-02
3.125471297345801258e-02
2.804493159325500626e-02
4.230019397253370617e-02
3.478033353497346492e-02
4.409157135280222795e-02
4.513757439791648424e-02
3.986370172241434501e-02
5.668717516666966355e-02
3.500312354632559991e-02
3.453591673066232909e-02
2.992114153946357977e-02
3.898451221977297654e-02
6.234652090695557564e-02
4.222589547205359700e-02
3.975039020186374450e-02
4.003750698053507723e-02
2.403470728256425215e-02
2.256800633123728569e-02
3.015182808736249082e-02
3.493381891925955579e-02
4.751842124302101816e-02
4.634401103887356849e-02
3.536828862577345856e-02
3.681230980914981799e-02
2.839827683527960944e-02
2.537823124062402527e-02
2.426065108097005818e-02
3.465358019439607196e-02
5.127191994503073336e-02
5.641705829258240878e-02
3.137032896897071904e-02
2.915331167252662933e-02
4.264756019512380703e-02
4.802648092548571918e-02
3.280315878605925134e-02
3.649964850180189430e-02
2.449010302581883583e-02
2.448756884637784750e-02
2.120930141332695237e-02
2.802321977334575054e-02
4.158038569728831485e-02
3.107515054075688996e-02
2.902871893128360428e-02
3.669289763757002665e-02
3.337890660786141384e-02
5.865326422643910714e-02
2.805446896842100218e-02
3.553468059749898683e-02
2.678230664876683070e-02
2.628332182507529813e-02
2.882865281622729731e-02
2.542815432469229531e-02
4.030493110301825582e-02
5.239296570223387489e-02
3.840549086481333946e-02
4.104971763376049493e-02
2.066574440694610854e-02
2.367973502571754998e-02
2.805462799825975129e-02
3.682997720517790230e-02
5.185357558698818620e-02
4.459323775406013463e-02
3.721607359653495567e-02
2.107176405550533621e-02
2.065472880637312519e-02
3.019969544623173421e-02
3.362095618639140970e-02
2.817156261876801668e-02
2.511730123520092284e-02
2.582319700946929947e-02
7.393141700970369545e-02
4.897350930601346297e-02
2.226839635194692232e-02
2.085245909430131356e-02
2.271934104282535144e-02
1.885951300718318943e-02
2.332921903055891824e-02
4.007277359386068882e-02
4.461685232813630136e-02
3.684817758802816368e-02
6.645825602187598047e-02
2.695339811659212825e-02
2.279934018747114405e-02
1.755042375918832928e-02
1.823253728959940700e-02
1.969421419246373053e-02
4.563726449038656152e-02
3.312929247034010483e-02
2.588411610703133386e-02
2.466050935263297550e-02
3.232992751212537819e-02
2.240323089538760054e-02
1.992472536203953107e-02
2.935720897832811219e-02
3.411495741749193122e-02
3.441942299293251906e-02
2.223839776362752929e-02
4.569732525129001355e-02
3.794045302666069347e-02
2.033820501754327395e-02
1.789129831635458134e-02
2.008227184852754560e-02
2.751354150016880121e-02
2.476191715991690745e-02
2.478175427669431982e-02
3.995400331764656365e-02
3.657879276587673589e-02
4.927012436538438095e-02
2.601539307561156339e-02
1.898920402114405090e-02
2.978070354456799698e-02
5.062530283978698697e-02
5.101921836018244449e-02
4.755874549886655173e-02
3.056337177982009629e-02
2.228535103850819155e-02
2.137734976804151268e-02
2.176832656743558567e-02
2.497986026597554671e-02
4.414983833615251235e-02
2.211521242815616892e-02
5.336396479435511625e-02
2.442256522878390179e-02
1.827920342641035228e-02
1.975885432427267399e-02
3.285499231789416191e-02
6.522130294504607795e-02
2.634312156973328545e-02
1.936113866202567035e-02
1.749813407746693764e-02
1.646566307923355912e-02
2.262916073717625987e-02
2.700764398376130290e-02
8.020694375389013364e-02
3.038278431081882849e-02
2.331267735560148616e-02
1.654227308804932101e-02
1.873291766985646367e-02
2.599531649706446693e-02
2.437264159351254511e-02
1.859326828166174214e-02
2.169682684767566469e-02
3.610902167707616406e-02
4.340546120818344900e-02
3.882158206022601893e-02
3.975501048576311064e-02
3.188353080512117826e-02
3.006459457872549465e-02
1.911442387322412687e-02
1.582861045661530797e-02
3.733805225657930299e-02
2.603837700749836448e-02
2.916840556996010830e-02
2.161722847526875366e-02
2.190986137733786504e-02
2.546385220850073960e-02
1.865844337543726139e-02
1.782768753417597260e-02
1.947319382637373655e-02
2.091970315543197068e-02
1.889077230875522290e-02
4.047754455048602901e-02
3.846400917906245970e-02
2.864528601910478270e-02
1.987010825848369716e-02
2.129330145894662435e-02
3.240906980658998793e-02
2.766889492832292838e-02
2.556321923505170540e-02
2.437128050595619572e-02
1.594226418739717530e-02
1.751336030680806718e-02
1.925868837031813677e-02
2.433441273343929165e-02
2.916440650356277170e-02
3.036045295579448133e-02
1.574689399613548799e-02
1.849086187811655596e-02
1.896410160051061056e-02
3.188940149820662651e-02
6.510817653465222898e-02
3.096434219059965645e-02
2.562492658789496114e-02
1.842625953692415483e-02
1.504292504136162112e-02
1.396081055627299006e-02
2.930298722297354150e-02
5.186093272205917482e-02
5.818821973511022899e-02
2.299770628760802044e-02
3.807608445702372058e-02
1.478643812409414886e-02
1.573851778174230678e-02
2.203665450193894801e-02
2.112022536946041654e-02
3.913320372383854301e-02
2.822047420919755745e-02
3.828580883781568245e-02
2.370023299957890392e-02
1.772556648835880641e-02
1.493301348368645566e-02
1.595399240723004153e-02
1.808930367399331010e-02
3.182655979099133919e-02
1.822188448414732015e-02
1.721286820888089791e-02
2.528021694337615616e-02
4.655376830590277765e-02
2.254737095008322451e-02
2.369531130720537240e-02
3.258456489676186257e-02
1.963386135369260543e-02
1.916454983102014800e-02
1.722541989181552644e-02
2.493221778468423730e-02
2.797714199381016315e-02
3.854815029504034263e-02
3.738736537466159915e-02
2.944753312695335551e-02
2.405562968058976708e-02
1.912333312590724227e-02
1.610261862195392843e-02
1.450742567612571532e-02
2.893774690485757112e-02
1.686481481202647958e-02
2.008885914547350882e-02
1.723615486803399544e-02
1.468595528539953267e-02
2.073025034293977248e-02
3.339206918430850241e-02
6.406227085823527900e-02
1.920351345366448984e-02
1.489818768506904513e-02
1.349515977530563876e-02
1.599781724984566944e-02
1.528841599051549913e-02
1.749252839186859684e-02
2.174915387285285620e-02
2.645567366469510004e-02
3.203188116372931299e-02
2.359490084435398802e-02
2.248210748506000028e-02
5.039431632617139001e-02
1.928013955528607229e-02
1.587987978836963646e-02
2.693033312630662562e-02
4.174421358735874027e-02
1.707251033600287043e-02
1.668215104013098457e-02
1.627181831263365200e-02
1.794887272796693786e-02
2.746654924814607296e-02
1.985656311333505383e-02
1.780338373376616143e-02
1.543090639287665773e-02
1.807942937261921776e-02
1.539484992268174042e-02
3.338357628641983738e-02
3.584791295899400487e-02
2.412121169451090022e-02
1.834796316764056301e-02
1.579950086202906723e-02
1.441756425419167022e-02
1.516903940861381687e-02
3.814337924046024009e-02
1.696076658092315545e-02
1.670382169136782821e-02
1.628735028757605924e-02
2.018197856671012994e-02
6.777623405996943684e-02
1.924259065181581699e-02
1.442247089805679880e-02
1.321467723549627112e-02
1.325455529520908234e-02
1.639515309110530644e-02
2.059887310299135174e-02
3.415242303174054195e-02
2.265197358414713924e-02
3.176774190173776297e-02
2.055805222423178619e-02
4.300391893028757823e-02
1.711020817997101207e-02
1.614758674776751307e-02
1.413100023426292449e-02
1.629565022398446819e-02
3.666394761019020621e-02
3.333246510180452871e-02
1.906484246755362974e-02
1.494805618674958925e-02
1.409135184416373393e-02
1.346166397163102262e-02
1.547898604075290986e-02
3.517864525750364485e-02
3.320083630959057980e-02
1.581668692106731611e-02
1.469228808424257425e-02
1.451042486233493183e-02
1.497982721895965361e-02
3.003655163350546151e-02
3.050733347104580759e-02
2.478568745107912613e-02
2.247021569847782937e-02
3.343615783681736647e-02
1.831317048326810970e-02
2.921363446685553561e-02
2.230269666198577208e-02
1.985673472012297949e-02
2.410932841671133836e-02
1.586068174010510715e-02
1.351552025443443668e-02
1.524377281109750952e-02
2.706589325224125972e-02
3.739022438317382568e-02
1.510599092884973467e-02
1.447503694669760414e-02
1.548854978456703710e-02
1.757870724146679692e-02
1.665586508131823573e-02
1.420800845908557278e-02
1.488006385082434914e-02
3.136248393587754563e-02
8.952340507102665712e-02
4.859716833713075695e-02
1.694532689265199413e-02
1.444249180066466305e-02
1.319876572236245924e-02
1.225238672437565374e-02
1.460369844389627220e-02
1.931172737057810715e-02
2.256898996144923036e-02
3.435809198451256902e-02
3.429756990979090231e-02
1.538410938849879908e-02
1.370583443852270954e-02
1.271414517698864211e-02
1.613631246885815010e-02
1.415541227800928489e-02
1.744542437788559192e-02
3.059115471379949061e-02
3.902595982142444825e-02
1.547030457163911174e-02
1.428484207096048300e-02
1.339103432815931527e-02
1.270219689817752608e-02
1.749128142714840087e-02
2.539605392207309326e-02
2.360497189866652204e-02
3.583347708238359547e-02
1.576741184983352154e-02
1.407173098162438178e-02
1.401096868363157014e-02
1.297279198134311702e-02
2.037138709590042077e-02
5.515452835536225479e-02
3.014075300168275046e-02
1.579778714893811595e-02
1.598416182035948541e-02
1.276472661946420444e-02
1.338587516410274895e-02
1.274752563145557273e-02
1.810245461762020544e-02
1.544887974978513719e-02
1.322830978369000758e-02
1.452047533950567675e-02
2.564239490110006500e-02
4.827494651183496938e-02
1.876071043473109476e-02
2.160359753613423292e-02
1.878199758309890069e-02
1.435945132933742069e-02
1.274986302198602775e-02
1.206714728449187479e-02
2.339954182380950612e-02
1.461392297008308298e-02
3.059973594198301880e-02
1.567927939592328110e-02
1.794324160069353177e-02
6.675075435291324966e-02
3.034393703076524590e-02
1.453088733174436216e-02
1.279978414751239968e-02
1.238140186041500335e-02
1.266041668613852519e-02
1.155410291090390798e-02
1.398859256438615348e-02
1.800370488124926338e-02
3.950199905670905703e-02
1.979396142850062615e-02
1.445155333150211635e-02
1.302958927297278267e-02
1.763281987465901285e-02
1.596702141432961713e-02
1.442994051286959796e-02
2.536446904099669622e-02
2.173865322325000196e-02
1.625872204381507632e-02
1.964187984890337219e-02
1.321828177496281106e-02
1.880771244902538358e-02
3.974138485278844168e-02
3.358630325081795459e-02
1.586879644571191281e-02
1.834540502912799728e-02
1.316772526114498056e-02
1.203430088328120637e-02
1.389415135371696412e-02
1.803567575916730642e-02
1.669832100719068069e-02
3.407482923388223395e-02
3.032932229650059028e-02
2.485793328730828353e-02
1.718036892283420283e-02
1.240972416570896956e-02
1.159211581420060803e-02
1.895687488861287975e-02
1.404952879185701088e-02
1.344505389602290713e-02
2.324177963650018650e-02
1.596648149762283295e-02
2.747812831939635408e-02
2.999410761937525496e-02
1.330656714124298784e-02
1.365848748620596478e-02
2.181268779153176449e-02
1.351299351789539069e-02
3.953007861100085729e-02
1.537028180821602141e-02
1.594547194033230433e-02
1.381892435550888948e-02
1.242598864445198029e-02
1.264784220326371084e-02
3.252268495481594468e-02
3.719946790066704090e-02
1.561772458466073599e-02
1.933820895446594981e-02
1.683662260864734680e-02
1.356377255782336561e-02
1.233072772589041861e-02
1.437908206317143299e-02
1.291570608840983056e-02
3.345805684219620851e-02
2.804366616599844597e-02
1.451178878781239981e-02
1.557653549615074275e-02
1.461391924116098653e-02
1.329922555856635769e-02
1.394192462122292170e-02
1.335722621425387314e-02
4.888934973137312734e-02
4.051462284384341195e-02
2.687285347513840988e-02
1.196707410148189349e-02
1.312251852859059806e-02
1.270987435418687375e-02
1.297556521772943137e-02
3.236032588234437346e-02
1.940544103689094413e-02
1.304179721215831082e-02
1.269667005731086803e-02
3.852518706149360428e-02
2.419257537004357653e-02
1.692754578552982045e-02
1.965486262744114282e-02
1.231550090273311054e-02
1.262702132511458498e-02
1.389284984313455401e-02
1.256087864301860466e-02
4.156989604573663177e-02
2.223083306960253400e-02
1.266854442277295587e-02
1.253765948853446249e-02
1.280453709979679881e-02
1.248120376295896485e-02
1.543879314003445205e-02
2.400637160976527504e-02
3.153401490542979274e-02
1.742257520131840903e-02
1.358678404986457186e-02
1.817189591427442047e-02
3.611614665935255347e-02
1.267432884814777977e-02
1.158457518467308558e-02
3.779760220278310240e-02
3.580747758591871360e-02
1.314217231998029457e-02
1.226769002972851776e-02
1.271962277372559735e-02
1.242774773052243188e-02
1.242599605082841258e-02
1.277680872828212445e-02
1.249914928494162344e-02
1.593227327834570092e-02
2.657267153520430705e-02
2.738455523920206580e-02
4.216155793413751268e-02
1.510712290740363548e-02
1.248713673701261177e-02
3.605140551127646725e-02
1.901755283316362843e-02
1.219202677668959969e-02
1.158936298284347043e-02
1.125805475422429758e-02
1.118876678915321256e-02
1.150763870452185984e-02
2.601750639544570670e-02
3.615783685677279730e-02
1.420862200844504042e-02
2.003745482596452562e-02
1.310112465435498558e-02
1.183770893266543854e-02
2.894416687597092114e-02
4.115752357737641198e-02
3.026468624503338145e-02
1.931390251093771659e-02
1.299099728960249889e-02
1.213854861422386348e-02
1.148818354630403230e-02
3.324806444665050209e-02
1.567416508850838497e-02
1.758463244831628622e-02
1.326813436535823065e-02
2.051401571769337351e-02
1.288944636874569429e-02
1.226915489067428346e-02
1.380194810617058933e-02
4.528871345509836999e-02
2.141364614273951958e-02
1.183500595779364388e-02
1.258749013152820652e-02
1.391358318956919041e-02
1.154068839701322471e-02
2.862574858856859958e-02
2.177864010351303684e-02
1.960693189681927268e-02
1.682298600363208579e-02
1.171189785218387791e-02
1.371937884375314977e-02
1.207465132902126037e-02
1.135356270446663020e-02
1.124746395081836943e-02
1.313248245663830270e-02
1.464007786292900910e-02
4.057300495946201263e-02
1.522679491147044609e-02
1.221687185382787193e-02
1.214146485017919726e-02
1.160704728409317488e-02
2.518400803740876437e-02
1.484356054585377407e-02
1.199127382772028141e-02
9.614363134659411128e-03
1.163558442521805611e-02
1.145415738066291045e-02
6.124029796650335561e-02
5.326511218528053038e-02
2.600434618485524679e-02
1.799749426271362446e-02
1.816430114924320535e-02
1.132303584498923002e-02
1.255730977790293218e-02
1.043634762445474692e-02
1.195648537975308942e-02
1.546030945689700654e-02
1.375552886628343512e-02
1.605496446799642082e-02
2.438251948047379103e-02
1.242964065656118958e-02
1.632118015186681190e-02
1.294755299571727011e-02
1.108003536033343520e-02
1.253615000974635761e-02
1.143921127345058804e-02
3.268802186101806700e-02
2.936280425913804018e-02
1.424832075116769410e-02
1.416787939886373325e-02
1.225076695267204863e-02
1.984227597356516548e-02
1.143829556933445742e-02
1.215033049638909561e-02
1.153054954499756375e-02
1.111347695213284539e-02
1.626813462405621302e-02
6.197279483556125679e-02
2.316737355789046798e-02
1.233805627670929786e-02
1.185382757806893554e-02
1.105100501641006691e-02
1.133325401739827473e-02
1.098598554674658570e-02
1.130449935305071277e-02
1.673498093602066375e-02
3.037937185677382079e-02
2.509926251866682889e-02
1.523335979725149412e-02
2.579447966229024211e-02
1.567800511316851456e-02
1.355427913280239302e-02
1.341930324284854210e-02
2.432184431628882024e-02
2.589442811069779180e-02
2.543778785546607288e-02
1.499155352065004512e-02
1.121218184763449546e-02
1.030517868559219924e-02
1.076097631206979731e-02
1.598477642259432674e-02
1.858936641267923059e-02
2.320846612360066147e-02
2.097101316663830053e-02
2.429267260786623778e-02
1.728349999628911449e-02
2.639323795175919224e-02
1.123406593566469817e-02
2.207933880824068315e-02
1.011617480698541113e-02
1.356189341767268658e-02
2.995778726180874790e-02
1.999676324030120328e-02
1.263115535602307715e-02
1.815628610347907318e-02
3.751102331808031654e-02
1.427620626979731605e-02
1.179707721036922681e-02
1.099112066263147579e-02
1.022299451351976057e-02
1.142126085566660607e-02
1.106496644551581941e-02
6.020455254909227311e-02
1.703666516862630681e-02
1.102610121123915980e-02
1.057398464377928837e-02
1.118128498284600737e-02
1.159013059512630991e-02
1.083007697324011795e-02
1.050389413282282192e-02
2.640447448792256763e-02
3.479830206166050627e-02
1.818753864949277863e-02
1.439525897727165701e-02
1.346515134502267175e-02
1.102882231466031059e-02
1.105615519989623999e-02
1.176294295468799725e-02
1.146540974620572848e-02
1.070498592171537436e-02
1.157700221264026767e-02
1.396086972703903042e-02
4.155500463187208893e-02
1.848254291357985871e-02
1.264997871292014575e-02
1.049578526908328223e-02
1.370115311192512952e-02
1.786072959643382474e-02
1.198020545941311764e-02
2.338569311850234936e-02
1.264869294261708292e-02
1.087361975483133562e-02
3.304145705650887721e-02
3.605403554969385804e-02
1.662110861807240478e-02
1.187273095570829176e-02
1.102436898801800041e-02
1.037070178387241443e-02
1.110828885600173739e-02
1.370046944410937238e-02
2.872055251245300353e-02
3.926316021458391842e-02
2.035196579931687622e-02
1.978415374411501490e-02
1.179736207389608417e-02
1.197401665988646370e-02
1.093119050808223289e-02
1.086338807241246478e-02
1.065192226148150428e-02
1.142290320926419439e-02
1.211759855366184406e-02
4.265209806032608381e-02
1.525938275692654417e-02
1.846711209547245020e-02
1.137277315812114387e-02
1.705255546901918509e-02
2.208276239371030278e-02
1.156907949422351749e-02
3.642424787130056629e-02
1.666503149514569904e-02
1.850232807614571318e-02
1.085133306967050321e-02
1.585296213919619099e-02
1.150497087106059843e-02
1.256608616407781619e-02
4.017006285262327003e-02
1.187849147486283626e-02
1.042489859784066601e-02
1.261766790125065305e-02
2.593333711332207123e-02
2.568008322851368652e-02
1.255030416153303519e-02
1.103250060963805249e-02
1.025229148256740289e-02
1.024954128243022768e-02
1.091119540216628318e-02
2.884493371899605682e-02
3.958045953896428826e-02
3.136079141781818874e-02
1.282471127670915811e-02
1.036828672655784080e-02
9.829284855855952713e-03
1.437845919261355847e-02
2.212030381858324027e-02
3.979480215988753788e-02
2.038487641015314031e-02
1.075114436755389251e-02
1.031862920173317807e-02
1.044850147213321340e-02
9.622369274010993123e-03
9.924525236291606087e-03
1.286744559722001122e-02
2.131369633514042239e-02
4.534371498406896545e-02
2.133537190403855116e-02
1.460404351612229305e-02
1.186101415867396071e-02
1.054294904515812835e-02
1.032854279542017376e-02
1.109751387937362756e-02
1.083049098127082145e-02
1.639773229874715715e-02
2.652792780549608279e-02
1.584341033866905335e-02
2.056511805677197283e-02
2.029072947773664579e-02
1.209684383067491549e-02
1.098586670243538455e-02
1.919058248434308070e-02
3.015235141152812146e-02
1.115866649307243989e-02
1.021088920574817448e-02
1.036410049627417389e-02
1.073614765342310873e-02
2.186699558354545866e-02
1.160015446623313684e-02
1.089829360454886917e-02
1.087434530661066101e-02
2.371781963411637509e-02
5.248201282675445112e-02
1.874603060371378763e-02
1.123173590585379612e-02
1.160398688473338394e-02
2.085591214533922752e-02
1.159749265837350420e-02
1.012149574665795540e-02
1.031046218108709438e-02
1.106106128232007060e-02
3.094696976348837794e-02
3.681143215935330643e-02
3.846151781360190175e-02
2.795550806675577149e-02
2.129794539421785496e-02
1.797726093883214582e-02
1.039235012632644395e-02
1.024935435983360607e-02
1.214965046230775253e-02
1.673170433582753247e-02
1.197725889096214365e-02
1.039083678607293122e-02
1.104463117479692440e-02
1.956024957007786516e-02
1.309018752883129438e-02
1.112007657256311108e-02
1.272026744253933021e-02
1.099642236775128130e-02
3.850357394235578296e-02
4.373438833492647448e-02
2.364516932688745521e-02
2.304358444086537089e-02
1.886747366646912907e-02
1.210763984433413896e-02
1.119958771984841742e-02
1.130533858133558021e-02
1.062332713141206364e-02
9.930038342184527647e-03
1.159867739691375355e-02
1.250072533865853250e-02
2.577058745756749883e-02
2.825563616366693828e-02
5.282892157402494654e-02
2.097415209555893167e-02
1.888167023239262568e-02
1.688106622432319209e-02
1.686433017141531973e-02
1.660317561631370967e-02
1.857971244394797383e-02
1.623215218829454284e-02
1.562538303135796100e-02
4.027220380705479053e-02
3.029871730785937273e-02
1.435697895492622778e-02
1.218377591036132537e-02
1.678454568965770735e-02
1.553936215623275517e-02
1.300906187117547436e-02
1.195239394311857148e-02
1.100691796078524451e-02
1.957088761784205391e-02
1.793986761852108675e-02
2.155179476596965488e-02
1.170200832410118671e-02
1.106052685772116427e-02
1.923135663369868187e-02
2.606889735824130874e-02
1.160201414077957974e-02
1.155352160415801070e-02
1.408016348237547608e-02
1.099867704516693280e-02
1.076142980251206145e-02
1.249009425426066654e-02
1.890782255932176720e-02
1.667574416202793550e-02
1.360630477855979438e-02
1.595661372435278405e-02
1.181384375377322188e-02
3.417724717782701094e-02
1.493614449708723785e-02
2.065580438705564084e-02
1.011310167654987796e-02
9.950698855100274451e-03
1.016334323646504202e-02
1.334155186454996297e-02
1.992545117088093815e-02
1.231351296333875120e-02
2.062398118286452864e-02
