2.236465830389327003e+00
1.993723668524305381e+00
1.711772403432304746e+00
1.427028049185574909e+00
1.204992871332425608e+00
1.015355945367990786e+00
8.386453194905142405e-01
7.216001372537101943e-01
6.228418650736745610e-01
5.133613109340580127e-01
4.727095287508328858e-01
4.063558525985195291e-01
3.584922145061519849e-01
3.432214439119994909e-01
2.849312932875405768e-01
2.584009854393408134e-01
2.352404020351341885e-01
2.063518229360031819e-01
1.829368023980616487e-01
1.703722542744101898e-01
1.624810777759005398e-01
1.274005194993479695e-01
1.365284024955439601e-01
1.318603563713282578e-01
1.102045199726920249e-01
1.075941650175443326e-01
1.059872826057343953e-01
8.846030318395650682e-02
8.347877032466059777e-02
9.089478376597059928e-02
8.786755642012815393e-02
7.130524636679178019e-02
8.546764639095581761e-02
7.837332508072378245e-02
7.424136519989095462e-02
5.343198529164275290e-02
7.706420547589118430e-02
7.420374650339539579e-02
5.968994713799095908e-02
7.530844413808318594e-02
6.243995487562208069e-02
5.201570964650516216e-02
8.465909322275354254e-02
5.023226541925818883e-02
5.493852467520632388e-02
6.497644667020330278e-02
7.172650841272709688e-02
5.444617458161288281e-02
4.937953342936943907e-02
7.077609713241617140e-02
4.261989993486014344e-02
4.919285389507589701e-02
5.339790554602332623e-02
5.319641843975530388e-02
4.826845000688898685e-02
4.749931182092308884e-02
6.247848985180170372e-02
5.781510008847352139e-02
3.393017908165987806e-02
6.316358630867327517e-02
5.422826474574165417e-02
4.127327782086568503e-02
4.613176645217467037e-02
6.541060894536061820e-02
4.966540027314136213e-02
4.774686547163641687e-02
5.002697338776650182e-02
4.322279240952713042e-02
5.717489160737984633e-02
5.102236961052331737e-02
4.126439426493521551e-02
4.623060212584230444e-02
4.047106466581663897e-02
4.241949352502046716e-02
4.314989066874292539e-02
5.409267855521923685e-02
5.149282578783756503e-02
3.501521453559000574e-02
2.582703886722220038e-02
6.837891402897305904e-02
4.711346721211673305e-02
3.981372154876586245e-02
4.265827287636436010e-02
3.783604455849094717e-02
5.450267621817155017e-02
4.978487502625269373e-02
3.614775714624599706e-02
3.564993299958220396e-02
5.054436107716932941e-02
2.962213689916825404e-02
5.687540592685960683e-02
4.479123323257452882e-02
3.108130790878109104e-02
4.229173614711095874e-02
3.937558727987834628e-02
4.215971793465245199e-02
3.899927122052854883e-02
3.917093766258548243e-02
5.094956526353302401e-02
4.095426335223714687e-02
2.892210869856736560e-02
4.594124124008849841e-02
6.377677524503254369e-02
2.698956406477110229e-02
2.076326036517609983e-02
3.248850513128320738e-02
5.435615936177008722e-02
3.405110802393555847e-02
4.030401160369985469e-02
3.508548540799989734e-02
4.845697019402523537e-02
3.797922288816921871e-02
2.338524890072785078e-02
3.252231181434993290e-02
4.767228532223854315e-02
4.373661709616116083e-02
3.758002755232430631e-02
3.971469196742185431e-02
4.703573207450914562e-02
3.485607709688689354e-02
2.303841341955150529e-02
4.331334610603491952e-02
4.154171147275205478e-02
3.191570406064902360e-02
4.315632270400714815e-02
2.902939815317203548e-02
4.648169505138457364e-02
3.945496823543089004e-02
3.015483831917540811e-02
4.586571275571531270e-02
3.786554938635003364e-02
3.140968116089117718e-02
3.416092326218148068e-02
5.293874609271398413e-02
3.267502655816097862e-02
2.314236752147560278e-02
3.119450372052670270e-02
5.588760045737140025e-02
4.437568545526454633e-02
2.825500439812349621e-02
2.639101064749688544e-02
5.236665687898545141e-02
2.506680454731752966e-02
3.535536029040350914e-02
3.965349121782667935e-02
3.881060908352403083e-02
3.211722519452497177e-02
4.156119168557934757e-02
2.872638409995762268e-02
4.325811285245743237e-02
3.172000503025563384e-02
4.064285912055409095e-02
3.892391593570945774e-02
3.197449304115410756e-02
2.146815965499132561e-02
5.351287554255074880e-02
4.022617509639233452e-02
2.584144514425289196e-02
2.089212821136552864e-02
5.367913466875704614e-02
2.298847681050929237e-02
2.950048673769717009e-02
3.825522797456389762e-02
3.811258021704852506e-02
4.340949724100719165e-02
2.849731886529816710e-02
3.688580907363323003e-02
3.157807899203114027e-02
2.953658055141464636e-02
4.233785732491525400e-02
3.376504871610865738e-02
2.163971666487913420e-02
4.223247076031561020e-02
3.317076016007415584e-02
3.104551457065305581e-02
2.990168073624050252e-02
4.143403107285449638e-02
3.257942017416751851e-02
3.222230974128457298e-02
2.478306552612379032e-02
4.552372733862768139e-02
3.530838614190155017e-02
4.663535903280183886e-02
4.257951730236288201e-02
4.693874908724825906e-02
2.417477185810051540e-02
1.425805384960365622e-02
4.148765028125507570e-02
4.407539093620254506e-02
4.025952542937613621e-02
2.516916032299294087e-02
3.335751100301064670e-02
3.513032483736386324e-02
3.178742840634999484e-02
3.126341342794519695e-02
3.572270979855541456e-02
4.134218777338709294e-02
4.052190368123695374e-02
3.418893949452147391e-02
3.510334400793081039e-02
4.086102423658798805e-02
2.535845128742283960e-02
3.248425288950237966e-02
3.736309716747032023e-02
3.154167595786928208e-02
3.197632807052879639e-02
3.687198625887339043e-02
4.063716060774269501e-02
2.502510526474091557e-02
3.379610154633864300e-02
3.663031617634320003e-02
2.343748629455078003e-02
3.198026218850862773e-02
2.870654394134187701e-02
3.848038491311599890e-02
2.796804599721805507e-02
2.631760520739788792e-02
2.803139700071815080e-02
4.360066755032712682e-02
3.680926194396170331e-02
3.993266068572622757e-02
2.617695657712713897e-02
3.487020665834253408e-02
3.648135712975800193e-02
2.658206058535991095e-02
2.145490290794690308e-02
3.159131022404948475e-02
3.943216658920248308e-02
2.379720498967508036e-02
2.473510517277646356e-02
3.913900453869707113e-02
2.334584200662029665e-02
2.426426842441068918e-02
3.537271913672213053e-02
3.004693177428722009e-02
3.318277293686858198e-02
3.442521614680223163e-02
2.622527319971923454e-02
2.209472605037657647e-02
3.617074779060847067e-02
2.399678788259618223e-02
3.710125274788168837e-02
3.513858836498331972e-02
1.503390616905054232e-02
3.375208247962992875e-02
3.912395235267957655e-02
2.834056156698522635e-02
2.783593417148427437e-02
4.966372869613656926e-02
2.292174444741608766e-02
2.804000129702828928e-02
3.428398135358470128e-02
3.821770322197861475e-02
2.201084859021637183e-02
2.938820804785948274e-02
3.747195685824693256e-02
2.060120721590536289e-02
2.524781348781222901e-02
2.847313324373753479e-02
3.996767931315334949e-02
2.513232886257188090e-02
3.049953730080972106e-02
1.916155414679275928e-02
3.116410028605287250e-02
3.112233112909963684e-02
4.093233640880825780e-02
2.777240830589997392e-02
3.357926274604552258e-02
3.154298182823166846e-02
2.603534376732758934e-02
4.060184827298780191e-02
2.636216444671268810e-02
3.043914583131575660e-02
2.930811861873026947e-02
2.877118917054407796e-02
3.675008603309376509e-02
2.335447933970248580e-02
2.486536181857561603e-02
2.888316539189449139e-02
3.296952414824184940e-02
3.574800285949062545e-02
2.699031862705037962e-02
1.605198508240233274e-02
3.922901650912207633e-02
2.638997404393314192e-02
3.114089474016106668e-02
2.464221696190592795e-02
4.764870262016415031e-02
2.216188970745977885e-02
2.576118165329914500e-02
3.678958793144230383e-02
2.191182449121242479e-02
3.847715309890856195e-02
2.500902758123504932e-02
2.857693435573807964e-02
1.864724984267282851e-02
2.760138658366642281e-02
3.225121306681733718e-02
4.041371268332649008e-02
3.511385722238772461e-02
2.185278438018776678e-02
2.301445205218759921e-02
3.674037635044664213e-02
2.812253297915387126e-02
1.525721413141785214e-02
3.082183102081524975e-02
2.964036044610964329e-02
2.976596183171245635e-02
1.907166764687400970e-02
4.190748908460749378e-02
2.638866751417174791e-02
2.881253087176011835e-02
3.102190396079219578e-02
3.520190264394158774e-02
2.558418885846985846e-02
3.084665126299704005e-02
1.463964960904594846e-02
4.194825464028890949e-02
3.866186756323435753e-02
2.069145615139841854e-02
2.060053960208006393e-02
2.573941686054857444e-02
3.016158619587010203e-02
1.943188435342872375e-02
4.127108709103467082e-02
3.297399265391791345e-02
1.727903549345659318e-02
2.666288754946640263e-02
3.130881843455146640e-02
3.289828711249310339e-02
1.847426255759282432e-02
4.512232095506965579e-02
2.738965114862581401e-02
3.289240069555660756e-02
4.272725835105359304e-02
3.149401820638583760e-02
3.074977370847792671e-02
4.243311022827756657e-02
2.771732470328684347e-02
1.592639350599448986e-02
2.981581194455164285e-02
2.470368634723325851e-02
3.223480661049724083e-02
3.909934686769169637e-02
2.881201655363561584e-02
3.975154222753030792e-02
2.093565991993366279e-02
2.848361289352898881e-02
3.581682866740706905e-02
2.141904284088507610e-02
2.569192607760603653e-02
2.677149449263225428e-02
3.568934691667670356e-02
3.711942414750792063e-02
2.509775931793969614e-02
2.959908331200367115e-02
2.561162829202385041e-02
2.448805466942862580e-02
2.096867139613641656e-02
2.858666365784428426e-02
3.245389340248859555e-02
2.957081722196860593e-02
3.030423522246794912e-02
2.454148358495302981e-02
3.267936698513643212e-02
3.724600200921476117e-02
3.051890024672790705e-02
2.357536832182215852e-02
1.937906058149233696e-02
3.814429452444320634e-02
2.674261007931505452e-02
2.221712172189102552e-02
2.671671145060608432e-02
3.214787453377460080e-02
2.701859449153299481e-02
2.902110533535361137e-02
3.059467387544309927e-02
2.876436433500963175e-02
4.035931252091656818e-02
2.890998709474339526e-02
3.527453014477033300e-02
2.265700390865369243e-02
2.542782448952714963e-02
3.878095970161164058e-02
3.709650822585545960e-02
3.134789434083080223e-02
3.104077258411888987e-02
2.935274778293908357e-02
2.627516144383593849e-02
3.092319467923916251e-02
3.296493031639494142e-02
1.978934310802099583e-02
2.249087950057695323e-02
3.642952321168002605e-02
3.296793539784587806e-02
3.195934141899663128e-02
3.231633659764759914e-02
1.513714862816652358e-02
2.732322734096494926e-02
2.364091032351021970e-02
2.055040229224204193e-02
3.867858844623060094e-02
2.439939832258434388e-02
2.825685982957594142e-02
3.562846826759041158e-02
2.629376099414763857e-02
2.346971801472811162e-02
3.012975377479856082e-02
4.229687589584606860e-02
3.709413396339129865e-02
2.294301195602634763e-02
1.811368124695788423e-02
4.015098885373289544e-02
3.102784097958580234e-02
3.065417472702007887e-02
2.889448339494842324e-02
2.792859960732876554e-02
2.659120209379646493e-02
3.546736165177521993e-02
2.724759895857845754e-02
2.123069964130561496e-02
2.593660038680078300e-02
3.074284707291019200e-02
2.433194806776155586e-02
3.331038851191810840e-02
2.934109786991401583e-02
1.574674259894732337e-02
4.255141801568486370e-02
2.675827858368889922e-02
2.374856995327472367e-02
2.990037519972057328e-02
2.617665884685068875e-02
4.059644679497000086e-02
2.846181305934786590e-02
2.724544125509526654e-02
1.815045573177696478e-02
3.053902774400502063e-02
2.953048123145969595e-02
2.133509676928310728e-02
3.593982558251325454e-02
2.018216389098132640e-02
2.992484017445226976e-02
2.574564639028976282e-02
3.443895483245979633e-02
2.821008639202672585e-02
1.978526210363452595e-02
1.951565565355705203e-02
4.286918572010404299e-02
2.176130173214861283e-02
3.369797570112954138e-02
2.648838639466753742e-02
3.008583249212394561e-02
3.416377501238234554e-02
1.748396336964427172e-02
1.465227999492951447e-02
4.076609834194042103e-02
4.004261129374935696e-02
2.318458531966432687e-02
2.605452483833156294e-02
2.041199067241755358e-02
2.373581895510794640e-02
2.961884338477969655e-02
2.361173044624982273e-02
2.752989062756247204e-02
2.501815102342192995e-02
3.008527742597436397e-02
2.988319216863445302e-02
3.112587301800326389e-02
2.091754061095758496e-02
3.174260029555519419e-02
2.284930170099301605e-02
2.598854953692585068e-02
3.592793297002768588e-02
2.155699851476579332e-02
2.596939026698397851e-02
3.345252612928457936e-02
3.342190962233183155e-02
3.221402783549057874e-02
1.820177680796095793e-02
2.200473271338595008e-02
3.679559739110997707e-02
3.734853358114523236e-02
3.132089803115754162e-02
2.962128432699669134e-02
2.646074912216820826e-02
3.097827131873781906e-02
2.544682396252707576e-02
2.009922605996550954e-02
3.059412297844862211e-02
3.904978846928244818e-02
3.032702199038826707e-02
1.581584549664174361e-02
3.611425662077275694e-02
4.618781875869719389e-02
3.913685103403792553e-02
1.448616734003190833e-02
2.027642032243930428e-02
4.064885651244489612e-02
3.259787699626887775e-02
2.809587443011439187e-02
2.647262489017663395e-02
